0.
.1000000000000000000000000000000000000000000000000000000000000
.5393578408029817875324851978813024368572734497010090155055000
.8090367612044726812987277968219536552859101745515135232582500
.3090367612044726812987277968219536552859101745515135232582500
.9810741902197952682548795483105620804890567461187248820278050
.8333333333333333333333333333333333333333333333333333333333333
.3540173658568023763292641859487967421158240538073739683241840
.8825276619647323464255014869796690751828678442680521196637910
.6426157582403225481570754970204395359595017363632126959098750
.3573842417596774518429245029795604640404982636367873040901250
.1174723380352676535744985130203309248171321557319478803362090
.8333333333333333333333333333333333333333333333333333333333333
.3090367612044726812987277968219536552859101745515135232582500
.5393578408029817875324851978813024368572734497010090155055000
.1000000000000000000000000000000000000000000000000000000000000
1.0000000000000000000000000000000000000000000000000000000000000
