.333333333333333333333333333333333333333333333333333333333333e-1
.250000000000000000000000000000000000000000000000000000000000e-1
.333333333333333333333333333333333333333333333333333333333333e-1
0.
.500000000000000000000000000000000000000000000000000000000000e-1
0.
.400000000000000000000000000000000000000000000000000000000000e-1
0.
.1892374781489234901583064041060123262381623469486258303271940
.2774291885177431765083602625606543404285043197180408363394720
.2774291885177431765083602625606543404285043197180408363394720
.1892374781489234901583064041060123262381623469486258303271940
-.400000000000000000000000000000000000000000000000000000000000e-1
-.500000000000000000000000000000000000000000000000000000000000e-1
-.333333333333333333333333333333333333333333333333333333333333e-1
-.250000000000000000000000000000000000000000000000000000000000e-1
.333333333333333333333333333333333333333333333333333333333333e-1
