1.00000000000000000000000000000000000000000000000000000000000
1.00000000000000001380000000000000000000000000000000000000002
.500000000000000015043675799986248397120000000000000000000004
.166666666666666665576031795213476415657785144809199826888000
.416666666666666605497476392399510105262968886528740650492648e-1
.833333333333332918743690735000226964862156340672447099053207e-2
.138888888888888710651360560549851741099455469855371503192989e-2
.198412698412697950267383184462506891874445465643673552708127e-3
.248015873015873230635090483010247112484953994324125241420951e-4
.275573192239857186263536319781254612714948901088349538662329e-5
.275573192239846458644199524485325017922907602508299113287690e-6
.108839656344706266782988262523515706737043925569121634760482e-5
-.519466168405824916021779322223664688361618812274036774045648e-5
.260120136633163323713701204907961613074887600309664961668995e-5
-.470929550228575940810292198234597071311840464415060548474684e-6
.365546771170014477084419063831178324915097544404329646446871e-7
-.145388724667252961243707869972631688326709518545382005639537e-8
.192003348021042680027806813203139149605393074478066666666669e-10
